  3    1234567      54321         -1  321  2  111111111  2  100000001 1555550000   1
  4      54321  333333333      11111  201  4  222222222  4  200000002 1600000321  -1
  4 1234567890     444444     777777  115  8  333333333  8  300000003 1555556789   2
  3   31415926        111  979797979 1325 16  444444444 16  400000004 1533333333 100
  4          1         -1       4444  231 32  555555555 32  500000005 1110403000   3
  3  299792458         -1     555555  222  1  666666666  1  600000006 1414213562  -1
  3    1000000   44444444          0 1142  5  777777777  5  700000007 1555555555  10
  4         -1          0         -1 2424 11  888888888 11  800000008 1616161616  21
  3    1111111 1122222222       3141 2001 48         -1 48  900000009 1515151515   0
  4  876543210         21  271828182   -1 24 1111111111 24         -1 1111111111   2
